1.03046161191110164 1.11399410975195234
1.03046161191110164 -1.11399410975195234
1.40232242929051765 0.62359630429370205
1.40232242929051765 -0.62359630429370205
1.54085927346818474 0.00000000000000000
0.53044408602518023 1.40172277485678531
0.53044408602518023 -1.40172277485678531
-0.00738784054867661 1.50191884122903674
-0.00738784054867661 -1.50191884122903674
0.43742065725447338 0.00000000000000000
-0.56297039543422356 1.42896220666986795
-0.56297039543422356 -1.42896220666986795
-1.09011659419088991 1.14227941811562594
-1.09011659419088991 -1.14227941811562594
-1.47965342054034066 0.63994585530788684
-1.47965342054034066 -0.63994585530788684
-1.62447968374795249 0.00000000000000000
