0.93605306137520417 0.00000000000000000
0.88174021782611023 0.35707427584944490
0.88174021782611023 -0.35707427584944490
0.68278104464586997 0.69247819884632422
0.68278104464586997 -0.69247819884632422
0.35310972062586765 0.92226159710875966
0.35310972062586765 -0.92226159710875966
-0.04696173939743611 1.00516939696796936
-0.04696173939743611 -1.00516939696796936
-0.46482614231306618 0.92129224263389131
-0.46482614231306618 -0.92129224263389131
-0.82874695974238954 0.65583248641595915
-0.82874695974238954 -0.65583248641595915
-1.04512267233253531 0.23865428622978602
-1.04512267233253531 -0.23865428622978602
