0.59045804018260650 0.15910974278028295
0.59045804018260650 -0.15910974278028295
0.42797647325040494 0.42938678519552770
0.42797647325040494 -0.42938678519552770
0.15706204446868133 0.57801184516710202
0.15706204446868133 -0.57801184516710202
-0.14747242163797949 0.57516420867188134
-0.14747242163797949 -0.57516420867188134
-0.08773887758337649 0.00000000000000000
-0.41323902745558350 0.42390841104044347
-0.41323902745558350 -0.42390841104044347
-0.57091567001644683 0.15646912999827053
-0.57091567001644683 -0.15646912999827053
