2.21124854985628616 0.00000000000000000
2.03908645512294440 0.81216306946372940
2.03908645512294440 -0.81216306946372940
1.57174524503008772 1.47024100532679158
1.57174524503008772 -1.47024100532679158
0.92361173833014409 1.88792797225493847
0.92361173833014409 -1.88792797225493847
0.20195888059304856 2.06095545835862559
0.20195888059304856 -2.06095545835862559
-0.53737520567484132 2.00916608518216488
-0.53737520567484132 -2.00916608518216488
-0.08119868689394494 0.78851899827018113
-0.08119868689394494 -0.78851899827018113
-1.24415799034231966 1.71698714486939408
-1.24415799034231966 -1.71698714486939408
-1.82333199515665001 1.17022669375773014
-1.82333199515665001 -1.17022669375773014
-2.15596271593657818 0.41702422065164657
-2.15596271593657818 -0.41702422065164657
