4.24754632100130003 0.00000000000000000
3.97617489007129787 1.36871093967882396
3.97617489007129787 -1.36871093967882396
3.24205626157700522 2.49124193686988260
3.24205626157700522 -2.49124193686988260
2.23165047738236222 3.22690004460416802
2.23165047738236222 -3.22690004460416802
1.13248839442487581 3.55979310479990074
1.13248839442487581 -3.55979310479990074
0.01475400504557678 3.53660622991554874
0.01475400504557678 -3.53660622991554874
-0.21836447223749111 2.98034723590113693
-0.21836447223749111 -2.98034723590113693
-1.18008383326187305 3.44666817544316650
-1.18008383326187305 -3.44666817544316650
-0.08104933345256761 0.00000000000000000
-2.23507518742369005 3.08579413007675596
-2.23507518742369005 -3.08579413007675596
-3.17166346009971045 2.35319704610978153
-3.17166346009971045 -2.35319704610978153
-3.83605506425873610 1.28094847886521634
-3.83605506425873610 -1.28094847886521634
-4.07826100998792906 0.00000000000000000
