3.32711035268619382 0.00000000000000000
3.10446156073561319 1.11406981811218908
3.10446156073561319 -1.11406981811218908
2.49948792818717180 2.02928957744435268
2.49948792818717180 -2.02928957744435268
1.66012796581233357 2.62804566767913261
1.66012796581233357 -2.62804566767913261
0.74343658989105421 2.88638245341366995
0.74343658989105421 -2.88638245341366995
-0.10741046889781813 2.83731753654507513
-0.10741046889781813 -2.83731753654507513
-0.78514746896238941 2.66357481623886327
-0.78514746896238941 -2.66357481623886327
-1.53326118596264305 2.43266677897470007
-1.53326118596264305 -2.43266677897470007
-2.28640740153687450 1.88607152497027220
-2.28640740153687450 -1.88607152497027220
-1.22734917723899750 0.00000000000000000
-2.83052249804430112 1.03510431132323233
-2.83052249804430112 -1.03510431132323233
-3.02929121789151701 0.00000000000000000
