6.38433214625037238 0.00000000000000000
6.09503663235108029 1.75558131514097515
6.09503663235108029 -1.75558131514097515
5.27786882024335391 3.29015944068725519
5.27786882024335391 -3.29015944068725519
4.08229644966045058 4.43312578451720540
4.08229644966045058 -4.43312578451720540
2.70547728064390647 5.11986673274483461
2.70547728064390647 -5.11986673274483461
1.30221079595138178 5.37885134095784245
1.30221079595138178 -5.37885134095784245
-0.01180656552254500 4.85517317141373717
-0.01180656552254500 -4.85517317141373717
-0.29324621736543754 5.26148693119664035
-0.29324621736543754 -5.26148693119664035
-0.73800811703127100 1.38600167160434462
-0.73800811703127100 -1.38600167160434462
-1.75253286291325905 5.31111102996269491
-1.75253286291325905 -5.31111102996269491
-3.17959075585519413 4.92393411340459330
-3.17959075585519413 -4.92393411340459330
-4.56738627312981738 4.07625387496177360
-4.56738627312981738 -4.07625387496177360
-5.72142102409185327 2.72747088302743057
-5.72142102409185327 -2.72747088302743057
-6.39106423606604501 0.96397130516328122
-6.39106423606604501 -0.96397130516328122
