7.72726628412437577 1.08788210011003983
7.72726628412437577 -1.08788210011003983
7.01285807747782819 3.10014560322795063
7.01285807747782819 -3.10014560322795063
5.75760355317091665 4.68898142767546489
5.75760355317091665 -4.68898142767546489
4.21110131866907977 5.74447830083793498
4.21110131866907977 -5.74447830083793498
2.58908390751371087 6.28998460638792789
2.58908390751371087 -6.28998460638792789
1.02098403851955055 6.41365694440834044
1.02098403851955055 -6.41365694440834044
-0.47471777296703710 6.25540474683647929
-0.47471777296703710 -6.25540474683647929
-0.40524180109247077 4.89161603867030603
-0.40524180109247077 -4.89161603867030603
-1.89929318953353321 6.07062717526221540
-1.89929318953353321 -6.07062717526221540
-0.15424903228865938 1.23465643451566387
-0.15424903228865938 -1.23465643451566387
-3.32282154753128811 5.74841950097578280
-3.32282154753128811 -5.74841950097578280
-4.81342974605829266 5.05443339556994520
-4.81342974605829266 -5.05443339556994520
-6.20910263626651471 3.83789551840543819
-6.20910263626651471 -3.83789551840543819
-7.23325178934857860 2.09099343242594049
-7.23325178934857860 -2.09099343242594049
-7.61357932877822918 0.00000000000000000
