5.09084510500300791 0.00000000000000000
4.88592604042085021 1.41644611153039235
4.88592604042085021 -1.41644611153039235
4.24722597092301513 2.71540380943974746
4.24722597092301513 -2.71540380943974746
3.24383057400118657 3.70926403442360142
3.24383057400118657 -3.70926403442360142
2.05785565918573576 4.30159044261406898
2.05785565918573576 -4.30159044261406898
0.85548904026849171 4.51695899312368709
0.85548904026849171 -4.51695899312368709
-0.28248838656815956 4.40543989297037708
-0.28248838656815956 -4.40543989297037708
-0.37782690575119299 0.00000000000000000
-1.00796859940484951 3.97938612557527360
-1.00796859940484951 -3.97938612557527360
-1.83027460534449160 4.07593906751297030
-1.83027460534449160 -4.07593906751297030
-3.01384306021648962 3.66250845745132692
-3.01384306021648962 -3.66250845745132692
-4.08486755047524674 2.79481232661926438
-4.08486755047524674 -2.79481232661926438
-4.85682069065792810 1.52410177982397110
-4.85682069065792810 -1.52410177982397110
-5.14114698351599841 0.00000000000000000
