9.10530024238794766 0.00000000000000000
8.68187120914009824 2.43989795987546065
8.68187120914009824 -2.43989795987546065
7.52383475676563318 4.51940455926068196
7.52383475676563318 -4.51940455926068196
5.89835086434453348 6.02280798839715725
5.89835086434453348 -6.02280798839715725
4.08870218640009941 6.91176424713829807
4.08870218640009941 -6.91176424713829807
2.29970854948062620 7.25278976191289360
2.29970854948062620 -7.25278976191289360
0.93936242792097224 0.82234300196066923
0.93936242792097224 -0.82234300196066923
0.09524919698442869 4.02132513954753268
0.09524919698442869 -4.02132513954753268
0.75237983317345158 6.96022490213145684
0.75237983317345158 -6.96022490213145684
0.01872021008295244 7.16719035878946098
0.01872021008295244 -7.16719035878946098
-1.57785381743690856 7.46646333220478731
-1.57785381743690856 -7.46646333220478731
-3.32488598034788829 7.31773042697335452
-3.32488598034788829 -7.31773042697335452
-5.17117923300383708 6.70625655672620979
-5.17117923300383708 -6.70625655672620979
-6.97140141909991673 5.51024773763446429
-6.97140141909991673 -5.51024773763446429
-8.46812400342046878 3.67067827216051246
-8.46812400342046878 -3.67067827216051246
-9.33738490217769446 1.29477507162432137
-9.33738490217769446 -1.29477507162432137
