11.18785979921100981 1.50977651686557146
11.18785979921100981 -1.50977651686557146
10.18115686726595470 4.27966380708083793
10.18115686726595470 -4.27966380708083793
8.45261250511702045 6.42358484817675102
8.45261250511702045 -6.42358484817675102
6.38461651011744635 7.82013526194066078
6.38461651011744635 -7.82013526194066078
4.27959280560870603 8.54666617189194433
4.27959280560870603 -8.54666617189194433
2.30651608439269928 8.75525770859712793
2.30651608439269928 -8.75525770859712793
0.56319239654721009 8.58595018331822324
0.56319239654721009 -8.58595018331822324
-0.80056908293448537 8.41919245993259935
-0.80056908293448537 -8.41919245993259935
-2.37579825559248548 8.53605431971881679
-2.37579825559248548 -8.53605431971881679
-0.21711555077995492 5.89036989744216744
-0.21711555077995492 -5.89036989744216744
0.20797866773362930 0.00000000000000000
-0.20022609429215535 2.82325317843470813
-0.20022609429215535 -2.82325317843470813
-4.27547179332654892 8.33090604754196029
-4.27547179332654892 -8.33090604754196029
-6.31455209587544530 7.61671180320101548
-6.31455209587544530 -7.61671180320101548
-8.31825531010076880 6.25101566535604913
-8.31825531010076880 -6.25101566535604913
-9.99180511373396030 4.16160796225280993
-9.99180511373396030 -4.16160796225280993
-10.96574300549123748 1.46749413247931959
-10.96574300549123748 -1.46749413247931959
